8.1161
Mean: 
[-1.357787299515872;
 0.1589081507047702;
 20.23746161625303]
Covariance: 
[170.3291165744502, -35.89870377248055, -107.5895054066902;
 -35.89870377248055, 116.8939892391732, 195.7777484634526;
 -107.5895054066902, 195.7777484634526, 3276.125318568774]
 det
 5.4638e+07
23/29

8.5572
 Mean: 
[-1.700194683428558;
 -0.2550667182261508;
 20.69557454850938]
Covariance: 
[378.3242530505125, 5.546325716977493, -871.7159970502989;
 5.546325716977493, 57.47298515934823, -258.4882277931459;
 -871.7159970502989, -258.4882277931459, 10989.41171900977]
 det
 1.7216e+08
45 / 63

4.8979
 Mean: 
[1.243495426679912;
 -0.3801776573323367;
 18.81652793549655]
Covariance: 
[411.7199063356692, -155.8551528803309, -1133.351202577356;
 -155.8551528803309, 233.631448150866, 84.32978139325644;
 -1133.351202577356, 84.32978139325644, 6735.706262427087]
 det
2.1106e+08
18 / 57

5.5006
Mean: 
[0.05560838010000146;
 -0.546698870866195;
 16.38252030248227]
Covariance: 
[105.0952204052002, -50.08361155537939, -203.4698533003784;
 -50.08361155537939, 146.8011202029512, -164.1662724891865;
 -203.4698533003784, -164.1662724891865, 1466.762331825369]
 det
 6.6944e+06
17 / 23

6.7667
Mean: 
[-0.9065297474463782;
 -1.082486590743065;
 21.4122575018141]
Covariance: 
[137.2743241550267, -51.00169798707201, 74.99300127182543;
 -51.00169798707201, 226.7857825090928, -34.92974021448623;
 74.99300127182543, -34.92974021448623, 6536.434366339224]
 det
 1.8531e+08
 24 / 45

4.9637
 Mean: 
[-6.3502525795462;
 0.7560710779057358;
 50.75032475309552]
Covariance: 
[37694.00834119792, 507.9784580692755, -193272.8526520814;
 507.9784580692755, 175.1476762727575, -2526.57625399482;
 -193272.8526520814, -2526.57625399482, 1010415.001708778]
 det
 1.2300e+11
 15 / 53

66.5887
 Mean: 
[3.858023608432096;
 -5.604304145364201;
 29.54055023193359]
Covariance: 
[55.01609491029125, -28.09185054463423, -0.8149198227961274;
 -28.09185054463423, 21.67564194868859, -10.23623989573571;
 -0.8149198227961274, -10.23623989573571, 43.75951323018671]
 det
1.1403e+04
13 / 17

35.3022
 Mean: 
[2.800288375053141;
 -3.633041630602545;
 35.28145860301124]
Covariance: 
[971.7377527705983, -445.5909849383659, 208.9915070001922;
 -445.5909849383659, 671.5260155622926, -1408.951326489606;
 208.9915070001922, -1408.951326489606, 7624.187729819621]
 det
 1.7654e+09
 51 / 72

2.1859
 Mean: 
[-3.308877060413361;
 -0.5178360890690238;
 18.82962235450745]
Covariance: 
[1109.618303346542, 277.7402679416089, -977.5148507430928;
 277.7402679416089, 265.8154587042923, -86.16879243542651;
 -977.5148507430928, -86.16879243542651, 2611.497692718989]
 det
 3.5337e+08
 42 / 50

1.2276
 Mean: 
[0.64205235557165;
 0.01689261267893016;
 18.47229681909084]
Covariance: 
[497.3406393151922, -185.4674757625353, -990.2733899402494;
 -185.4674757625353, 143.6369802725053, 170.3189657926279;
 -990.2733899402494, 170.3189657926279, 7074.28617242505]
 det
1.6930e+08
PnP inliers: 47 / 64

95.9361
Mean: 
[-2.285027102990584;
 1.97335561839017;
 46.181790785356]
Covariance: 
[3.013982796846655, 0.4623372550848202, -3.045610919985599;
 0.4623372550848202, 1.182929504870915, 18.08367976952518;
 -3.045610919985599, 18.08367976952518, 404.044092319157]
 det
 306.6526
PnP inliers: 10 / 11